# Wektory bit-exact dla FftGolden.jl, wersja 1.
# Zrodlo: model golden newhope.fft (W = 18, TW = 18). Generowac ponownie
# z FftGolden.scala przy kazdej zmianie numeryki (D-005).
# rfft: L = 512, hop = 512 (jedna pelna ramka); core: n = 256, inverse = true.
rfft uniform
samples 92235 -84166 -124147 36677 -35265 -8581 -110146 -33948 37604 -38033 86785 76157 53589 106206 57988 -84580 93966 40051 -105260 -52874 -87642 122411 59758 110061 -57017 35617 27308 66252 -100135 3972 37891 85431 40917 -13532 -10451 -42255 -89853 -58223 -92766 -71741 92745 6767 -107060 -18111 -60088 42776 86585 -127706 -8961 -13710 128634 -35343 -87761 -79850 -5885 24868 -45465 -16958 42802 -52432 121827 -76175 114096 98205 119796 77977 7528 27973 -76889 -40606 -9662 117131 77274 16613 24918 -17626 -21117 104975 -129986 -47359 -24022 51378 -23096 -48806 -110532 -62508 -103358 52649 -18921 -71332 10501 -1807 -7141 20978 33199 -81552 -90433 60618 123900 12709 -12898 31851 -121990 -33517 -37028 -20921 63955 -1356 93265 -7872 -122163 46042 78136 20231 114697 -21950 77887 -130600 -120854 77078 97872 5081 66248 -45471 59513 -12 -51492 -106576 -85286 106090 -14728 128381 -38568 -115675 -63908 -37164 52693 60310 62118 -48697 -31455 17576 27866 -21871 -81211 71883 5441 120183 116943 101815 120785 31702 -52891 -89058 -103490 117194 -60207 -124877 -121232 -53030 125666 -57249 -104305 45043 -115416 -3313 -108492 -106722 -36670 -127702 91905 27345 113607 -2233 14713 26576 -8906 16783 18991 102356 -51545 109680 -85863 -81722 -64218 115899 -66908 75425 21781 36444 -110743 41840 -112853 12074 75248 109383 128372 -69924 70159 26035 61248 82376 -6753 -95746 75688 30279 -96067 -25472 -93016 69739 -43314 -113322 -56522 28000 23899 93606 -36443 33645 116622 -46836 -123129 40841 26371 -42428 16458 44195 83444 -97428 -7509 -57674 -43540 -122496 -20421 -109076 111738 14357 -20624 -70334 115110 4215 127360 41830 129340 99925 63531 -37995 72742 -47533 94224 -48847 -110755 -100179 -12008 42777 -55211 83795 -64077 -7077 -43007 15282 -81516 120187 111585 52144 8056 64234 -8213 102104 -113695 -74504 -11379 39365 54252 56988 115429 89712 108957 -40951 51245 49491 27467 27367 6579 -23761 -95187 -104416 -130388 -38523 -33488 121499 -67536 -74312 -119467 -101283 41298 -34688 31291 -104601 68922 -61028 -115594 108647 -36813 -47506 -118507 22515 -57870 -68487 46171 44034 -92755 -97608 -67575 75971 -61200 -20200 -97414 -82927 43640 67698 95894 14229 -58434 -16215 -90156 -67994 -4944 73758 -63212 -35315 -121205 -119777 12137 121993 19749 -123086 19352 -99492 50368 -8963 -35797 -76585 -84932 -43219 -13101 17711 49544 120020 -122563 114376 16067 -111701 96176 92619 -55529 -87079 -52239 81640 109734 -53387 -6495 57103 -83821 57355 -72052 91894 -96101 125731 57876 -58857 80393 33635 -6292 62720 49643 -110198 -70880 42719 -24770 -46789 11852 -88744 126474 12968 -129239 -9992 63947 20206 2501 37202 -124421 -349 -25598 106207 21868 -84433 92639 -55368 130000 -37691 91295 71927 58316 39871 -125188 -76960 97853 64078 -9915 71181 41102 70842 8731 -110528 -24126 -75461 95074 103647 -77880 99465 -44692 -77183 -59723 13467 -68287 -62212 52261 -21946 51734 -125582 -105496 -57211 -36181 -60115 -27373 109872 -10481 23060 75861 -84538 -93257 -18989 31877 -1852 -99712 36008 111206 8506 104452 -20712 -26143 -49600 5288 19660 -103388 124736 -90934 13890 -49684 101452 37762 -127069 -123914 -77832 84015 95621 13346 18211 38450 -3262 2844 -34393 -2483 -53670 64966 46879 56844 -35197 -27384 -16978 26889 72574 -128744 116964 94940 129409 -58269 -3955 12164 -94852 -37413 -124539 -99854 -1401 -48276 -111056 87976 -100215 -70347 -69511 4314 128973 -123710 -88545 -43757 -102202 -129136 109031 -72448 31999 100737 62888
exp 6
bins -10421 0 6004 -9297 2570 16772 -14345 -18707 23117 8376 -16594 5890 7945 -13108 -13473 17400 14914 -9420 -6390 -4986 4147 1754 10660 6614 -29097 -12357 14271 7300 -4174 4888 17502 -9693 -21997 6271 18204 3703 -7822 -4728 5241 -9417 -21215 20114 27167 -11555 -14334 -6629 2416 21851 8304 -26333 -15385 20214 15149 -15743 -14094 18109 12488 -19622 -5576 13951 -6260 -9039 -581 10502 10161 -14082 -6002 17285 1331 -14392 7208 8316 -7909 -7918 299 2265 2825 13547 -1425 -24356 -7870 11498 17496 11349 -10836 -6596 3452 -12305 -6253 18587 6620 -14220 -5463 3387 641 2601 9651 3031 -11055 -8473 8589 9542 -5444 1915 261 -2200 -3488 -22836 -3244 25686 17387 -19929 -9533 20045 -1772 -7803 -266 1390 1105 -4247 9628 -3522 -17968 523 4034 20740 2894 -5114 11784 -22503 -22868 15482 22351 -5460 -11615 7294 -212 -1699 9357 -12790 -16574 9518 12920 6570 -2257 857 -3005 -14892 4688 8061 -1743 -3244 -10525 14944 11660 -30260 1975 32892 -11898 -19485 17444 -1678 -15412 17129 -116 -12351 23596 2457 -29328 -6 4255 -9255 7233 15380 6979 -12677 -11599 4377 2350 6932 9268 -3482 -9237 -8612 -1422 10105 -836 1874 5057 -2720 2804 -4778 33 -5770 -6353 4340 2242 4435 1894 5072 2858 -6091 -11690 4906 3696 -4131 25459 -8653 -32362 17260 3208 -1438 15878 -22564 -11977 19456 6656 -12959 -7150 12457 3472 -11532 -58 9575 788 -1187 2416 6920 -11469 -13177 9841 21024 8721 -31877 -10710 18404 -2161 -4378 2431 7024 5712 -1043 -12447 -11064 10201 16315 3050 -12657 -17552 12248 14434 -15544 -1654 -1365 3117 15489 -11606 -9759 16961 -105 -13928 2319 929 31 8194 3765 -5638 -8821 5703 9464 -9743 -5913 7869 5118 -10893 -1323 13542 -8245 2806 3873 -19618 4161 16227 1834 203 -1363 -8857 -3602 -910 1793 1765 -9406 11314 10913 -11675 9104 8888 -20850 -5594 9319 -6368 5571 4321 -15723 3808 29788 260 -28635 -8340 9696 17874 -1256 -10897 3809 -7058 721 5386 -3199 -1496 -1018 7021 -2482 -1863 4102 -11902 -5249 15302 6058 -3459 4980 -10985 -16268 11670 12316 3886 -6147 -9760 14372 -562 -17619 4731 5038 1529 1471 -6798 5809 4831 -15695 2155 12825 -5143 3771 -3151 -7494 5056 -8687 -2101 17296 1798 -12667 4759 16244 -4465 -14449 -5506 -4516 12003 14416 -9785 -13081 -2079 9917 15247 -10945 -23819 13928 16230 -6195 2973 -4637 -1384 8657 -12397 -4397 6406 -3777 3599 7249 -845 -4273 9680 1764 -8618 -4270 -19769 4075 25223 913 6761 -5826 -21515 5559 3909 121 8014 -1291 -6088 -1793 2861 8090 -6184 -8630 6747 -302 -2847 8421 6470 -13173 3130 1911 -22656 9605 19187 592 -11825 -6060 5752 -5795 -744 20590 6395 -25083 -145 7403 -1073 11213 -4601 -8131 -4587 1577 6684 -7873 6556 8996 -21030 13929 19191 -22135 -8277 2760 4210 12 -664 6267 6942 -4044 -13855 7020 -2538 -10847 24339 4972 -23922 3530 3630 -11375 13853 7908 -10830 -1680 9484 12650 -12627 -24117 -820 18500 10196 713 -1467 -9078 -15195 9027 23331 -11111 -21852 446 15489 11430 -8024 -17155 7474 19815 -17850 -8107 26074 3683 -12893 -10865 3151 13743 -6623 -20959 266 21172 13053 -13679 -16864 9352 7690 -4582 5938 1045 -12791 0
rfft speech_0dB
samples 8580 17977 23264 14461 10522 40762 34159 21941 45839 85685 88166 73662 65231 70028 54247 57454 64414 58624 49933 33984 28178 36922 48042 38304 3445 -23237 -32264 -45883 -37572 -19139 -22404 -24769 -31286 -56126 -64676 -67842 -88106 -102143 -90762 -87083 -110743 -125288 -126444 -119378 -103510 -87318 -68915 -30225 -3587 -27387 -39204 -48410 -60248 -65902 -59343 -61622 -64977 -62237 -74356 -76649 -77006 -69151 -72862 -88182 -100871 -86069 -67447 -61079 -41133 -26305 -17496 -2109 35251 23124 12728 38769 53194 46942 73400 91582 86997 82571 58294 57160 61997 45855 18265 18803 49729 71184 66473 44720 53529 77155 89617 76551 55890 40652 38486 32510 33456 33414 11934 4154 23246 19551 9523 17538 36540 47319 45313 35671 15956 12268 11233 10962 24928 16174 10270 29302 31352 16902 31449 75459 94675 82852 68904 71161 65614 50348 59509 60291 44467 39793 26640 36423 47558 44956 10274 -17200 -31101 -47447 -32747 -16382 -19664 -21046 -32728 -47054 -66612 -64174 -70122 -92976 -92070 -90566 -101513 -116490 -126037 -122946 -113115 -92466 -81533 -33534 -2992 -14459 -42500 -50087 -56084 -70358 -61757 -55267 -62430 -64230 -72303 -78685 -69334 -63065 -76699 -86135 -101729 -92818 -71430 -59107 -48307 -25124 -26498 -9245 30874 24990 540 23563 47011 51269 65621 88037 95404 85102 61495 59539 59254 46162 26980 12925 39026 71424 77366 48110 50693 71624 88819 75218 57597 46073 34137 28193 33058 32061 9541 7019 16716 24790 14742 21011 35234 40652 41545 32082 25994 23840 3272 7937 22584 21512 21300 24719 35884 26721 25263 60213 93273 86766 67692 72527 62871 58195 60018 66379 52358 31222 28381 34985 44807 53609 21764 -19151 -27172 -46584 -41175 -25016 -16286 -21612 -25661 -42782 -64334 -68764 -71254 -88490 -96702 -84930 -93635 -120960 -131071 -125309 -119464 -94749 -85542 -54434 -13091 -7335 -39074 -48786 -51603 -57670 -60757 -60605 -60853 -55307 -66594 -71100 -67960 -62850 -66430 -78244 -98226 -99118 -74132 -64248 -61174 -28849 -19185 -15740 16590 32199 9253 18518 40139 44481 58946 82973 86016 88338 66039 54887 65444 59323 29222 15637 26021 65114 80505 56865 50848 68239 82411 83104 61135 47615 39097 33698 36696 32162 25145 6379 15804 21995 20729 9254 28212 45975 48128 34315 28682 23526 12319 6262 15815 18270 10459 17494 32774 30650 25602 52462 86470 92591 71325 69818 64826 54189 59182 67659 54631 38594 31177 24496 38799 49812 25310 -5520 -25945 -44360 -47432 -29279 -25735 -19248 -23722 -33668 -57641 -69445 -67990 -93169 -97381 -91739 -95040 -110687 -120169 -126405 -119080 -104377 -81895 -63278 -21580 196 -34847 -46439 -48000 -64913 -73661 -53722 -58936 -60393 -58504 -74269 -72436 -66308 -67901 -75806 -91216 -98024 -84018 -59931 -60542 -35192 -25669 -20074 3736 33347 17535 16463 38657 46891 53998 69415 90401 87031 75157 57492 62763 59167 41561 25634 28271 56094 80936 64338 43800 55509 80429 87740 69033 54739 36150 31137 33413 28650 25303 19652 13010 24087 16510 10049 19967 39291 49396 41019 21980 20244 18646 9121 12191 27627 11949 17274 31802 35056 12025 42951 80753 97920 75602 64711 66629 59535 54494 61844 56617 47356 31535 27195 32636 55060 42985 -284 -21527 -38565 -39665 -33290 -18973 -19256 -21517 -31928 -45356 -66749 -71296 -78140 -100119 -88138 -85670 -110178 -123683 -125774 -122712 -103719 -89895 -72461 -29913 1123 -23720 -44094 -46292 -63578 -64963 -55216
exp 7
bins 303 0 247 -385 903 -1421 5325 -9931 -26164 48822 25521 -47946 -4824 9500 -817 1174 11847 12195 -23209 -22357 10460 11326 -43 56 -3839 2858 15601 -11070 -14082 10411 2099 -1740 769 -163 -662 -8856 842 15697 -461 -6783 28 -31 -2252 2043 8719 -7581 -7533 6372 1054 -962 456 129 -3109 -5626 5428 9400 -2409 -4043 373 -545 1053 -1651 -4807 6633 4165 -5531 -543 679 -475 490 4344 -2642 -7269 4007 3312 -1421 206 -411 1757 688 -6476 -1048 5153 588 -288 64 -384 -624 -1913 3916 3241 -5788 -1321 2292 -111 -109 1658 -1084 -4249 3615 3054 -2761 -125 325 -949 -265 2642 3147 -3197 -4509 1029 1677 205 139 363 2030 -1061 -5201 590 3438 118 -141 369 436 -2431 -2480 2994 2889 -789 -999 -288 600 -1256 198 3393 -2329 -2523 1543 374 111 -280 -139 2770 54 -3574 58 990 25 -190 -139 149 1401 567 -3270 -233 1930 -323 202 251 426 161 -3183 -496 3772 534 -1141 -272 -80 -167 -1628 488 3683 -55 -2373 -480 210 723 772 -1909 -2384 1972 2344 -435 -672 -96 122 -206 1227 689 -3090 -537 1703 -20 70 -161 -514 1398 2258 -1738 -2466 706 309 -366 381 -765 -509 2208 991 -1102 -499 37 -111 163 -120 -1834 1486 2178 -1647 -487 198 -315 51 1531 -126 -2747 474 1667 -331 -617 29 37 -239 1396 1713 -1324 -1974 263 746 -259 -388 -394 1443 1210 -2172 -505 885 -186 118 850 375 -2164 -1496 1897 1375 -295 -255 -525 -117 1667 675 -2330 -1084 950 543 28 185 -98 390 413 -2036 -430 1855 186 -437 -130 30 1019 -645 -1699 1037 727 -242 70 -214 -537 487 1228 -1189 -726 671 -213 311 434 -314 -766 -594 980 1172 -271 -527 -239 252 371 192 -1037 -1350 1164 1066 -662 -155 448 -182 -1118 8 1675 418 -701 48 -102 -661 -183 -204 469 1457 -264 -803 -18 -209 -46 6 1223 131 -2013 -154 1075 171 -388 -43 259 -549 -73 1367 -40 -792 34 75 -195 -241 744 -607 -920 1339 424 -406 151 -291 -348 112 393 -69 -486 122 181 48 144 -284 -233 289 305 -235 127 295 -646 -564 609 552 -450 -235 216 225 -4 -362 -21 271 219 -176 -315 365 136 -369 3 39 -69 186 1 -48 209 -93 -139 -93 54 170 -177 95 -8 -251 222 173 -180 -112 60 49 149 -182 -275 260 244 14 -223 -142 279 -145 -372 185 400 253 -225 -418 47 42 -185 323 323 -115 -129 -211 -213 -4 339 149 -163 3 -32 -88 53 22 102 163 -132 -328 9 409 35 -84 -194 -209 301 95 66 -36 -249 -3 -133 112 194 -344 3 315 114 143 -280 -126 418 -129 -467 -65 266 168 -51 -274 46 382 -67 -199 121 57 -246 60 311 -332 -133 416 6 -12 -219 -285 278 199 -252 -140 203 -32 18 256 -66 -412 21 241 -65 86 285 -38 -477 0
rfft speech_-60dB
samples -43 -54 -42 -37 -42 -57 -60 -75 -91 -99 -107 -97 -66 -34 -13 6 13 -9 -50 -61 -51 -29 -39 -61 -70 -70 -62 -46 -36 -18 -27 -2 15 15 14 30 25 25 29 26 1 7 11 18 0 -7 -25 -31 -39 -44 -31 -19 -24 -28 -16 -22 -22 -31 -21 -6 24 48 52 50 77 93 93 93 94 92 102 83 84 115 131 109 101 74 55 79 79 64 61 55 48 70 82 61 46 53 29 24 37 39 23 3 4 -3 -31 -54 -35 -28 -36 -40 -47 -45 -46 -53 -65 -60 -49 -54 -49 -33 -41 -53 -47 -42 -40 -51 -54 -70 -84 -97 -103 -100 -80 -44 -20 -6 8 -2 -32 -64 -50 -34 -47 -59 -63 -72 -63 -50 -38 -18 -17 -13 10 17 14 19 26 13 29 34 5 -2 13 20 -2 -7 -21 -30 -35 -42 -33 -23 -25 -37 -24 -17 -19 -27 -27 -13 7 45 53 45 68 91 94 89 90 92 91 94 75 101 131 119 99 80 61 73 91 73 60 59 44 60 88 69 49 52 40 19 29 41 26 7 1 4 -20 -48 -38 -25 -34 -41 -40 -50 -43 -47 -62 -56 -51 -50 -50 -36 -34 -54 -45 -34 -35 -48 -51 -59 -81 -94 -102 -110 -88 -53 -29 -7 6 -1 -23 -62 -59 -40 -38 -51 -61 -65 -68 -58 -45 -30 -18 -20 2 19 8 21 26 16 24 34 19 5 13 17 4 -6 -15 -26 -35 -46 -32 -30 -25 -27 -30 -15 -22 -29 -37 -17 -2 33 56 47 58 88 100 92 91 90 96 99 81 91 121 124 107 85 62 63 87 75 61 53 47 55 79 72 50 46 48 26 24 38 34 13 4 3 -14 -40 -47 -37 -33 -39 -44 -51 -45 -44 -63 -62 -55 -46 -55 -45 -30 -46 -50 -39 -34 -45 -49 -59 -78 -92 -105 -107 -94 -64 -33 -13 4 7 -9 -55 -58 -48 -36 -46 -59 -67 -67 -57 -40 -29 -19 -20 2 16 15 13 20 29 24 38 23 -2 6 17 11 -2 -9 -22 -32 -38 -43 -28 -26 -31 -25 -18 -15 -20 -29 -20 -8 25 53 46 47 74 99 93 93 91 90 98 87 88 121 126 113 91 73 52 79 81 61 60 53 47 76 82 52 43 53 34 22 30 41 31 3 4 -7 -35 -42 -27 -28 -38 -44 -47 -45 -47 -57 -62 -53 -49 -56 -42 -37 -43 -51 -42 -33 -40 -52 -57 -72 -97 -100 -107 -101 -75 -42 -17 4 8 -4 -43 -63 -51 -36 -48 -62 -65 -68 -64 -54 -35 -20 -15 -10 12 16 17 33 27 14 32 29 4 8 14 10 5 -9 -24 -30 -44 -45 -32 -32 -25 -29 -21
exp -3
bins -192 0 789 343 1081 1287 8107 7027 -38769 -36255 37969 35530 -7615 -6977 -739 -1052 14144 7263 -27634 -14812 12752 6591 363 -388 669 -4271 -2904 17654 2624 -16543 -348 3127 -200 -45 6131 6152 -11001 -10419 5067 4433 -77 109 2562 -2232 -8233 8057 6860 -6776 -873 1193 -331 61 -5316 -2515 8914 4231 -3755 -1370 -153 -462 -1719 -1694 5546 6115 -4673 -5014 769 492 -358 35 1067 4535 -1328 -7337 559 2758 -183 583 -2100 179 6776 -1398 -5376 1218 641 -124 -66 131 3728 -821 -5771 1422 2358 -770 -22 294 -1505 925 4392 -3116 -2968 2476 589 -439 -489 317 271 -3358 -102 4736 361 -1638 -335 -59 1517 -732 -4205 1555 3170 -1072 -319 193 197 272 -1617 -2847 2117 3782 -966 -1279 107 -131 410 -1462 -868 3645 359 -2229 248 -113 -340 -254 1500 2587 -1830 -2947 338 771 145 43 -1478 -10 3647 359 -2352 -322 303 193 -30 264 -507 -2520 639 3112 59 -1101 -292 181 890 1080 -1594 -2924 859 1831 100 28 125 -236 -2197 173 2749 -22 -607 187 -480 -30 -516 -1390 1432 2784 -682 -1367 -121 -170 12 487 1121 -2066 -1367 2329 268 -911 318 174 -658 891 740 -2280 -210 1327 71 -94 260 718 -1759 -1585 1804 1139 -411 -228 -182 103 706 1324 -849 -2533 321 1148 -91 117 458 -685 -1829 1350 1872 -861 -199 -95 -202 291 -1121 -268 2073 475 -903 -440 -203 17 364 -370 -830 1622 525 -1415 157 86 -72 376 163 -1309 -298 2062 162 -769 -261 -196 87 645 617 -1863 -878 1490 411 -341 -151 238 974 -775 -1506 1100 471 -322 260 -373 -84 -465 -186 1794 217 -1514 -160 482 155 -57 -1156 -499 2017 895 -731 -469 -85 -51 560 249 -1744 -206 1517 154 -441 -108 233 230 -225 -1111 112 1529 -131 -681 -201 -34 -432 286 1811 -373 -1264 94 -74 233 525 -77 -929 -1250 735 1748 -66 -389 -33 -138 546 101 -1435 -682 1004 566 -65 -213 -94 62 0 1160 182 -1782 -468 896 523 -612 -162 614 -1 -126 -221 -78 211 13 -3 164 -16 -200 -110 -36 191 78 -155 60 -73 -247 -79 213 62 -8 318 -90 41 -11 -298 1 215 151 -108 -17 -78 30 219 -24 -348 -108 218 -15 -139 -11 120 234 -137 -237 356 155 -451 -364 230 542 113 -530 -198 323 -85 -232 426 229 -341 18 46 -92 -147 -230 214 231 65 283 -23 -253 -422 115 612 -389 -409 314 9 100 465 -320 -485 350 86 -97 -6 -85 258 -310 -406 594 356 -417 -21 129 -323 -100 341 78 -103 75 97 -152 -136 68 158 -189 -289 215 -40 -111 306 195 -116 -257 -127 275 -3 -104 120 19 -181 62 226 -24 -236 -100 183 87 -99 66 92 -281 267 227 -253 153 45 -282 159 64 -92 -248 -114 270 97 -147 -59 44 -65 81 -129 -54 304 0
rfft corners
samples 131071 131071 -131072 131071 131071 -131072 131071 -131072 131071 131071 -131072 -131072 -131072 131071 131071 131071 -131072 131071 131071 -131072 131071 131071 -131072 -131072 -131072 -131072 131071 131071 131071 131071 -131072 -131072 131071 131071 131071 131071 131071 131071 131071 131071 -131072 131071 131071 131071 -131072 -131072 131071 -131072 131071 -131072 131071 -131072 -131072 -131072 -131072 -131072 131071 -131072 -131072 -131072 -131072 131071 131071 -131072 -131072 -131072 131071 131071 131071 -131072 -131072 -131072 -131072 -131072 131071 131071 131071 -131072 -131072 -131072 -131072 -131072 -131072 131071 -131072 131071 -131072 131071 131071 131071 -131072 131071 131071 131071 131071 131071 -131072 131071 -131072 -131072 -131072 131071 -131072 131071 131071 -131072 131071 -131072 -131072 -131072 -131072 -131072 131071 -131072 131071 -131072 131071 -131072 -131072 -131072 -131072 -131072 -131072 -131072 -131072 131071 -131072 131071 131071 131071 -131072 131071 131071 131071 -131072 131071 -131072 131071 -131072 -131072 -131072 131071 131071 -131072 131071 -131072 -131072 -131072 -131072 131071 131071 -131072 -131072 131071 -131072 -131072 -131072 -131072 131071 131071 131071 -131072 131071 131071 131071 -131072 -131072 131071 -131072 -131072 -131072 -131072 -131072 -131072 131071 131071 -131072 -131072 131071 131071 -131072 -131072 131071 -131072 -131072 -131072 131071 131071 -131072 -131072 -131072 131071 131071 131071 -131072 131071 -131072 -131072 -131072 -131072 131071 -131072 131071 131071 -131072 -131072 131071 -131072 131071 -131072 -131072 -131072 131071 131071 131071 131071 -131072 -131072 -131072 131071 -131072 -131072 -131072 131071 131071 131071 -131072 -131072 131071 -131072 131071 -131072 131071 -131072 131071 -131072 -131072 131071 -131072 -131072 131071 131071 131071 -131072 -131072 131071 131071 131071 -131072 -131072 131071 131071 131071 -131072 131071 131071 -131072 -131072 131071 -131072 131071 131071 -131072 131071 -131072 -131072 -131072 -131072 131071 -131072 -131072 -131072 -131072 -131072 -131072 -131072 131071 -131072 -131072 -131072 -131072 -131072 -131072 131071 -131072 131071 131071 131071 -131072 131071 131071 -131072 131071 131071 131071 131071 -131072 131071 -131072 -131072 -131072 131071 -131072 131071 131071 -131072 -131072 131071 131071 -131072 131071 -131072 -131072 -131072 -131072 131071 -131072 -131072 -131072 -131072 131071 -131072 131071 -131072 -131072 131071 -131072 -131072 131071 131071 -131072 131071 131071 131071 -131072 -131072 -131072 -131072 -131072 -131072 131071 -131072 131071 -131072 -131072 131071 -131072 -131072 131071 -131072 -131072 -131072 -131072 -131072 -131072 131071 131071 -131072 131071 -131072 -131072 131071 131071 -131072 -131072 131071 131071 -131072 131071 131071 -131072 -131072 -131072 -131072 -131072 131071 131071 -131072 131071 131071 -131072 131071 131071 -131072 -131072 -131072 131071 131071 131071 -131072 -131072 131071 -131072 -131072 -131072 -131072 131071 -131072 131071 131071 131071 131071 131071 131071 131071 131071 131071 131071 -131072 -131072 131071 131071 -131072 -131072 131071 -131072 131071 131071 -131072 131071 -131072 -131072 131071 -131072 -131072 131071 -131072 131071 -131072 131071 131071 131071 131071 -131072 -131072 -131072 -131072 -131072 -131072 131071 -131072 -131072 -131072 -131072 131071 131071 131071 -131072 131071 131071 131071 -131072 131071 131071 -131072 -131072 -131072 131071 -131072 131071 -131072 131071 131071 -131072 131071 131071 131071 131071 131071 131071 131071 -131072 131071 131071 -131072 131071 131071 131071 -131072 -131072 131071 131071 -131072 -131072 -131072 -131072 131071 131071 -131072 131071 131071 -131072 131071 131071 -131072 131071 -131072 131071 -131072 -131072 -131072 -131072 -131072 -131072 -131072 -131072 -131072 -131072 -131072 -131072 131071 131071
exp 7
bins -32509 0 20239 1662 1492 7946 -9889 -7249 5919 -20 5308 -787 -8524 10878 3247 -14914 -3456 7785 -5322 -15719 6975 20947 -2057 -12140 12247 15758 -20633 -19827 17446 5496 -13633 12160 14913 -6161 -6817 -5434 -3873 -342 3954 3450 4740 -5371 -14286 10234 -1907 -5227 14264 -3156 -1979 -2047 6334 3119 -15172 7257 4555 -10743 7790 13071 -5120 -4616 -5675 -12443 917 15317 13010 -11015 -8603 1977 -137 8438 3095 4380 -5299 -18104 1680 4334 1397 6484 -3915 -5586 4580 16160 216 -16843 -6015 -7984 11552 19520 -14541 -5612 12532 -7405 -2537 2723 -7956 6571 5268 -1226 -1166 -11942 7223 16052 -1667 -13971 -16155 10788 10234 -3582 3239 3756 2786 4488 -7653 -24379 5152 22400 -4673 -8766 5656 1737 -9588 4465 11900 496 -4928 -9799 2558 2167 -5220 11331 5681 -18400 -4471 16834 -5338 -12401 5329 11003 8714 -8054 -12367 -837 8580 4150 -1287 2947 -8930 -2280 258 6456 10309 -15371 -3195 19808 3638 -18750 -1689 1216 -2870 13803 -3872 -14620 -2474 7465 9175 -1005 3713 761 -10728 2962 5125 -10940 6011 6493 -7988 2908 -3214 -4170 6432 5633 -10043 -10101 15737 13464 -11431 -13152 -1156 18092 16122 -18531 -22398 4400 15799 5358 -11063 -5927 12079 966 -9841 3215 2736 4378 5928 -12294 -662 1628 -5583 10629 1797 -6148 -7603 -5440 11657 7869 -2316 -2489 -3468 2231 -4782 5894 13063 -4457 -12435 -13873 9435 20406 -2316 -20024 -8317 10450 13127 -5712 -8742 20949 9495 -23508 -13921 12251 5412 -14640 3939 22129 -970 -19185 -10413 3502 21996 19133 -11328 -15997 -10040 -4821 12635 10422 -6250 -9066 -1435 8264 7712 -4113 -12107 -7906 10161 8181 5925 1324 -10084 -2412 -1327 5323 4560 -3471 -1363 -6388 -1457 10143 5889 -3457 -12405 -6639 8236 3055 5030 10252 -13554 -19002 14890 17364 -12669 1953 10968 -19579 -12581 17581 18976 -11558 -12287 14847 -3369 -12173 8874 -3791 -4361 18604 -7974 -12594 9182 -9272 1358 12226 -4794 2249 -6583 -12147 22705 12012 -19629 -2631 2455 1420 5320 -11606 -162 7536 -2928 -1836 -1048 10638 3446 -8196 4094 -11108 -14769 18097 13698 -9904 -5006 12956 2092 -17536 -3083 9141 -4257 -913 5920 -7494 2641 16078 -8615 -3421 14010 -8631 -16482 -2433 13382 5473 -6126 4136 2649 -442 -11525 -9018 15115 2504 -1494 290 -10489 1430 16919 5319 -7995 -3454 -9749 -5249 14804 2366 -13446 7084 11673 -7102 -7577 2032 -2736 2955 478 -1633 8859 -8156 -2790 15375 3043 -19561 -11997 19122 10934 -11837 -9775 9260 9359 -16086 4213 16029 -17255 2468 1739 -6614 21280 -11785 -21565 14670 14304 -10693 -5748 9692 -1682 -5414 2640 2121 -5502 4503 4395 -12219 -2502 11568 11455 -3620 -13500 1947 7055 -2962 -8798 -2495 9686 1278 -2099 10869 5533 -16656 -13265 7586 2444 2566 9477 -5788 -14295 10151 5479 -16087 11577 16531 -8415 -12320 4149 3272 -9536 14959 6447 -17942 -1003 5216 -1702 -4503 1017 9278 -964 -20245 -5594 28606 15178 -18621 -11779 3990 11061 7255 -14368 -9870 10517 12698 622 -15714 -12683 192 10799 9438 -6007 1402 16422 -6353 -13595 -912 -9653 -279 8761 10387 5953 -6614 2106 -2174 -9001 2424 7152 -3737 -8366 5490 3086 -10871 168 15045 4292 -5516 -6551 -1935 6039 0
core inverse_uniform
in 47345 7146 27519 -72379 56185 88145 16626 -16837 113571 -90789 34216 33323 -6579 -117052 -102949 -125214 -1045 73520 22066 -50326 41448 31424 3294 -14252 44861 129479 -46914 -108040 104150 127115 107963 50999 10703 130304 5335 -82442 -6463 -53883 -104476 -100136 -102850 128367 93057 -54497 -64201 -66041 -60807 11425 27177 100636 93267 11874 -66741 -127085 -70934 -45862 -66933 34360 28490 -5953 24619 -75089 -54695 -39358 -24221 -18934 125545 -128179 -11168 32294 -127883 92000 -20351 -87271 105339 76857 -43054 -26884 -116619 -61868 -123436 19591 -62745 -84181 -38702 -50968 93163 82147 74253 -16520 48301 121326 -34316 -59478 -77710 -68766 -102883 9395 -62229 81179 49708 77510 -47071 -68965 29096 -79667 -98794 -43909 -22066 -25668 130909 -81646 127203 -84893 95126 63371 99197 -50559 32687 112166 -30378 8853 97809 -122343 29914 57516 -121237 -83664 107955 -22436 -3606 -16690 -61410 -119763 -40360 106563 69978 -57407 -108142 27344 47922 -64026 16363 22866 -40940 92343 85098 -83859 -98887 -20715 10024 6684 -18233 -103778 -11171 25169 93557 130912 -47422 80506 -118323 4850 -27601 -77892 -38935 -103020 -20652 98736 -128190 62469 -1953 70425 1973 -8370 -59630 -118591 26996 18897 -5118 1622 -113198 -119433 87978 -29866 -27148 38987 33138 -96027 2135 -60149 -2037 -72207 45069 62834 -33779 -29895 -22322 37129 -69773 -26376 44008 -18789 12001 -98701 72900 -18718 -108921 130665 -37392 66034 22169 50453 -32654 80544 119855 -114446 116174 78604 -100044 77299 -103735 41902 -78586 108627 -28769 -114511 114640 -107539 113973 110497 -101030 -23452 -89654 116738 -78387 -6307 98655 -17302 89719 80364 -21372 -9238 -29346 -84368 37506 -18521 60889 -76724 -22902 106009 120919 92306 35101 -98180 699 -40414 -77936 81833 10716 -124885 -115993 -130236 25218 -82457 -47406 112956 -74157 -4858 -43835 -85243 65963 -75131 65248 -95415 36651 19242 73006 -78252 49415 31416 74930 125156 122531 31240 43336 -69334 -125049 -88072 85027 -57191 -128673 -5126 -122329 -75242 -65246 -129187 -115602 76269 28525 15929 44662 59430 125358 -27244 101945 -71573 -1803 28255 28459 -21775 977 -57479 75099 92148 18763 123479 -33343 74397 -14958 104150 128277 24498 102398 -65446 -32888 90630 43611 59793 55410 -93223 -71197 126629 8777 115536 -121900 -33212 41724 -13646 90625 -23683 71975 1073 95666 -60676 62387 -89065 -34780 115185 -104875 44822 -75770 127366 -26183 51967 108660 -45942 34667 78911 46606 -67289 -11200 130756 -112983 -30348 -52265 -21915 -101146 50183 -103993 -51174 -1914 -14485 -88958 -39660 46368 -124838 91857 23002 68942 19839 127828 -39515 -125384 -33849 71322 -121094 19951 -50127 65060 62074 -99414 -2379 -522 -82561 -119836 -96346 -77980 -4658 -14984 -7312 101001 -10447 -83348 23589 124400 -39574 -114827 -27652 35135 -44875 7231 32195 -117279 -122118 48800 53410 -51249 79272 53171 -35193 -95305 -123286 -64053 53293 35718 35268 -48577 66453 -108669 -94385 -2569 18809 44499 -30010 -96431 -114752 100125 35378 -67912 1416 117308 79893 31389 -38842 -90773 -23969 -57987 -62966 37957 -3181 1391 -6501 -125540 -112393 -43123 120292 92613 84700 119085 91572 87457 -2816 -88340 -32012 -60883 58834 5427 127890 -60094 66974 -84165 -107148 46240 78824 84344 -11872 -4780 -127805 -105467 -64398 121946 106322 111629 -3319 16383 64624 26525 -15434 -26636 -129013 -62421 27631 -87424 -56958 77078 -94649 39322 48786 48692 29248 96380 -66247 15249 -118707 -42380 82642 98669 51802 122625 -97547 -83010 74049
exp 6
out 1007 -21307 6608 -11426 19334 14447 17198 -2161 30671 -33651 -10697 10825 1276 -78 -25914 1474 6453 -20752 9560 -7949 -12649 18029 16110 6815 -727 -5985 12728 862 11537 -10829 15708 16961 -608 -33201 15095 9729 5346 5002 9586 36048 20186 -10165 -11045 221 5071 16431 -7781 7144 3022 8522 -40510 -5433 -18032 35944 5415 -3562 -30906 -15861 31759 24558 4832 -28227 -31376 15862 10935 -6639 -11517 4120 4088 252 -9057 31077 33007 29258 -21204 36640 2761 -33412 18999 -22159 -25309 -47631 17867 -10281 2793 2908 -21253 -24836 -36565 -11129 -5355 -26748 3581 10194 -7954 -13534 8080 9280 5577 -16944 6440 -10818 26042 -10040 -21685 7442 -14915 30025 -8362 5801 6731 1314 8304 1835 -12036 11684 -1365 -7852 -9910 -52483 3706 -24857 1008 -16688 -25510 33134 4033 34910 8324 71076 -2887 20785 -11008 13685 -8441 -10240 -30078 2952 15157 -7933 -10271 -4227 22167 -17229 18412 21965 -29197 1124 -15839 20261 5448 13521 174 30578 -3139 9535 3925 -265 -16602 17729 34063 27228 27498 -23214 22667 2279 26783 -46405 14947 2582 23870 -5650 11399 -7535 2818 -16655 35078 22962 11039 3730 -9812 29440 3636 -8757 -5823 6432 -4659 18962 28104 -19587 14855 20117 24511 20627 -28747 -9234 20601 -10999 20296 37216 8926 -19005 8734 -31740 24422 13559 9185 3337 -29028 8362 -1311 -10791 -7493 -12798 -4129 23436 28306 10770 4685 -13454 9098 -12507 -22855 -5017 -3205 2599 -5113 16094 -9059 34673 11102 -1264 338 -16255 4610 -31356 -24143 -1386 15631 -8510 1202 -22695 14593 -18749 -740 -21809 33212 -16619 11185 -1214 21448 13218 -6747 32131 8144 16175 19873 16345 3868 -15848 -11066 20379 -16056 14035 8691 -69 16569 235 -36218 -7942 -3578 80 19203 10820 9624 -21191 -11609 -11659 -4214 3079 -9031 3625 22062 19066 6439 4857 35218 -29193 8348 11813 -3341 8675 1212 -15434 8290 -13262 19896 9375 -6275 -2575 -37517 -1421 28877 -7392 24376 13112 -23664 -9197 -34968 9932 -1155 35094 6960 -31209 -6421 9678 -7672 -14355 1590 11826 -18885 -8135 -4521 48132 -11154 -5492 16481 -47663 -15183 18706 -1578 -4406 6395 51456 -16573 -15627 7779 -11361 14679 4375 -8657 -22674 -14851 -26382 7813 -30141 -7173 27666 -21093 13206 -26250 -3484 -22282 -12360 -4581 -23998 -3268 -5204 -29658 -25968 17943 -20032 -11493 5413 -12218 8367 2215 -21022 -18902 -16219 -20868 -5458 9789 2120 13026 8841 10428 19503 -2630 14170 -10292 15006 6915 16642 23332 514 235 -35551 17760 21905 -1497 -40818 -39356 6516 14311 -19211 -23767 29675 -2831 -21985 22488 -8093 -6691 -26652 18001 17297 30224 3969 5508 19558 -33715 -7655 15575 -1503 -1504 21783 -7119 -38556 -500 19418 1191 6361 5525 10531 -55853 -22592 12090 -4144 -35881 24193 24718 -25433 4576 20000 -24789 3556 -20912 -18476 5708 6461 30117 -6594 -6395 16090 -8624 10813 31079 7019 -17573 -30805 3445 18922 14193 -865 -6316 346 -5542 185 27840 -6494 -22146 -29063 -32207 -30591 2010 -15462 4657 -11499 11357 36124 -27715 19750 -3922 29868 17331 -16340 6838 5463 13263 4815 -12273 46801 20281 -21588 -30377 -13399 15970 27880 -22520 5325 -20126 -4234 -3317 10314 2795 -310 31704 -15293 4563 5559 -14648 -6763 44620 -15987 -803 -13796 10358 32548 20549 -6511 -5988 -1983
